0 3 51 0
0 5 51 0
0 5 50 0
0 6 51 0
0 7 51 0
0 7 51 0
0 7 51 0
0 7 51 0
0 8 51 0
0 8 51 0
0 8 51 0
0 8 51 0
0 8 51 0
0 8 51 0
0 8 51 0
0 8 51 0
0 8 51 0
0 8 51 0
0 8 51 0
0 8 51 0
0 8 51 0
0 8 51 0
0 8 51 0
0 8 51 0
0 8 51 0
0 8 51 0
0 8 51 0
0 8 51 0
0 8 51 0
0 8 51 0
0 8 51 0
0 8 51 0
0 8 51 0
0 8 51 0
0 7 51 0
0 7 51 0
0 7 51 0
0 7 51 0
0 7 51 0
0 2 53 0
0 3 52 0
0 4 51 0
0 5 50 0
0 6 51 0
0 5 51 0
0 6 51 0
0 7 51 0
0 7 51 0
0 7 51 0
0 7 51 0
0 8 51 0
0 8 51 0
0 8 51 0
0 8 51 0
0 8 51 0
0 8 51 0
0 8 51 0
0 8 51 0
0 8 51 0
0 8 51 0
0 8 51 0
0 8 51 0
0 8 51 0
0 8 51 0
0 8 51 0
0 8 51 0
0 8 51 0
0 8 51 0
0 7 51 0
0 7 51 0
0 7 51 0
0 8 51 0
0 8 51 0
0 8 51 0
0 8 51 0
0 7 54 0
0 8 53 0
0 9 52 0
0 9 51 0
0 8 51 0
0 8 51 0
0 7 51 0
0 7 51 0
0 7 51 0
0 7 51 0
0 7 51 0
0 7 51 0
0 7 51 0
0 7 51 0
0 7 51 0
0 7 51 0
0 7 51 0
0 7 51 0
0 7 51 0
0 8 51 0
0 8 51 0
0 8 51 0
0 8 51 0
0 8 51 0
0 8 51 0
