0 0 49 0
0 1 48 0
0 0 47 0
0 5 49 0
0 0 47 0
0 3 49 0
0 0 47 0
0 1 48 0
0 0 48 0
0 2 48 0
0 4 48 0
0 5 49 0
0 3 48 0
0 2 48 0
0 4 48 0
0 5 48 0
0 7 49 0
0 5 48 0
1 1 48 0
0 3 48 0
0 3 48 0
2 4 48 0
0 5 48 0
0 3 48 0
0 6 49 0
0 5 48 0
0 6 49 0
0 7 48 0
1 2 48 0
0 2 48 0
0 3 48 0
0 5 48 0
0 6 48 0
1 1 48 0
0 1 48 0
0 2 48 0
0 4 48 0
0 8 49 0
2 2 47 0
0 4 49 0
0 3 48 0
0 2 49 0
0 5 49 0
0 6 49 0
0 6 49 0
0 7 49 0
1 2 48 0
0 5 49 0
0 6 48 0
0 7 49 0
0 7 49 0
0 6 49 0
0 4 48 0
0 6 49 0
0 5 48 0
0 7 49 0
0 5 49 0
0 4 49 0
0 4 48 0
0 5 48 0
0 1 48 0
0 5 49 0
0 3 48 0
0 7 49 0
0 8 48 0
0 4 48 0
0 7 49 0
0 5 48 0
0 6 48 0
0 5 49 0
1 4 48 0
0 1 48 0
0 3 48 0
0 6 48 0
0 6 48 0
0 4 49 0
0 5 48 0
0 4 48 0
0 6 49 0
0 8 48 0
0 6 49 0
0 7 49 0
0 6 49 0
0 3 48 0
0 6 49 0
0 6 48 0
0 7 49 0
0 7 49 0
0 6 48 0
0 6 49 0
0 7 49 0
0 7 48 0
0 6 48 0
0 6 48 0
0 6 48 0
0 6 48 0
0 6 48 0
0 7 48 0
0 7 49 0
0 6 49 0
