0 3 51 0
0 5 51 0
0 5 50 0
0 6 51 0
0 7 51 0
0 7 51 0
0 7 51 -1
0 7 51 -1
0 8 51 -1
0 8 51 -1
0 8 51 -1
0 8 51 -1
0 8 51 -1
0 8 51 -1
0 8 51 -1
0 8 51 -1
0 8 51 -1
0 8 51 -1
0 8 51 -1
0 8 51 -1
0 8 51 -1
0 8 51 -1
0 8 51 -1
0 8 51 -1
0 8 51 -1
0 8 51 -1
0 8 51 -1
0 8 51 -1
0 8 51 -1
0 8 51 -1
0 8 51 -1
0 8 51 -1
0 8 51 -1
0 8 51 -1
0 7 51 -1
0 7 51 -1
0 7 51 -1
0 7 51 -1
0 7 51 -1
0 2 53 -4
0 3 52 -1
0 4 51 0
0 5 50 0
0 6 51 0
0 5 51 0
0 6 51 0
0 7 51 -1
0 7 51 -1
0 7 51 -1
0 7 51 -1
0 8 51 -1
0 8 51 -1
0 8 51 -1
0 8 51 -1
0 8 51 -1
0 8 51 -1
0 8 51 -1
0 8 51 -1
0 8 51 -1
0 8 51 -1
0 8 51 -1
0 8 51 -1
0 8 51 -1
0 8 51 -1
0 8 51 -1
0 8 51 -1
0 8 51 -1
0 8 51 -1
0 7 51 -1
0 7 51 -1
0 7 51 -1
0 8 51 -1
0 8 51 -1
0 8 51 -1
0 8 51 -1
-1 7 54 -1
0 8 53 -1
0 9 52 -1
0 9 51 -1
0 8 51 -1
0 8 51 -1
0 7 51 -1
0 7 51 -1
0 7 51 -1
0 7 51 -1
0 7 51 -1
0 7 51 -1
0 7 51 -1
0 7 51 -1
0 7 51 -1
0 7 51 -1
0 7 51 -1
0 7 51 -1
0 7 51 -1
0 8 51 -1
0 8 51 -1
0 8 51 -1
0 8 51 -1
0 8 51 -1
0 8 51 -1
