1,-2.8499
2,-13.069
3,-17.806
4,-27.807
5,-20.508
6,-15.292
7,-9.3511
8,-17.115
9,-32.344
10,-28.472
11,-6.7175
12,-4.567
13,-17.413
14,-25.231
15,-32.28
16,-37.705
17,-37.926
18,-53.921
19,-54.927
20,-40.111
21,-9.7248
22,-5.9935
23,-32.275
24,-26.472
25,-17.59
26,3.157
27,2.3637
28,9.8193
29,-10.439
30,-26.76
31,-22.77
32,-7.9742
33,-7.7382
34,-3.4986
35,-17.438
36,-26.322
37,-11.825
38,9.4435
39,-2.1829
40,-6.3262
41,12.392
42,32.667
43,42.483
44,51.866
45,38.52
46,25.199
47,43.486
48,50.162
49,49.823
50,44.61
51,53.863
52,68.416
53,73.109
54,67.22
55,82.329
56,98.116
57,104.12
58,99.455
59,99.361
60,93.326
61,103.82
62,95.22
63,104.3
64,90.084
65,92.972
66,93.738
67,98.046
68,85.474
69,90.296
70,96.089
71,92.232
72,88.641
73,100.74
74,94.812
75,111.32
76,104.42
77,104.12
78,88.817
79,110.04
80,111.48
81,110.14
82,102.01
83,87.488
84,82.13
85,77.405
86,79.724
87,64.773
88,72.041
89,101.91
90,68.123
91,68.354
92,61.155
93,77.773
94,70.001
95,80.305
96,69.914
97,74.101
98,75.164
99,77.222
100,70.641
101,68.483
102,53.391
103,56.506
104,51.113
105,60.746
106,39.971
107,59.553
108,49.769
109,66.912
110,38.139
111,35.016
112,33.527
113,25.839
114,1.3261
115,-8.832
116,-6.7221
117,-1.983
118,-19.472
119,-23.131
120,-51.314
121,-29.616
122,-44.824
123,-46.16
124,-55.743
125,-59.939
126,-74.282
127,-80.475
128,-87.59
129,-93.861
130,-87.782
131,-87.033
132,-85.323
133,-95.082
134,-122.57
135,-108.58
136,-117.99
137,-109.54
138,-118.99
139,-122.95
140,-136.41
141,-131.37
142,-137.05
143,-144.81
144,-130.42
145,-136.22
146,-123.47
147,-145.72
148,-137.73
149,-124.03
150,-114.34
151,-119.44
152,-150.35
153,-157.24
154,-152.82
155,-131.74
156,-137.06
157,-118.22
158,-107.86
159,-109.71
160,-111.18
161,-100.61
162,-87.838
163,-67.392
164,-64.042
165,-67.017
166,-81.546
167,-86.497
168,-89.806
169,-79.17
170,-97.224
171,-77.806
172,-68.766
173,-54.781
174,-82.345
175,-80.077
176,-83.451
177,-87.659
178,-98.754
179,-111.38
180,-120.75
181,-122.72
182,-125.84
183,-149.51
184,-157.64
185,-124.83
186,-111.85
187,-110.86
188,-137.14
189,-142.96
190,-153.51
191,-140.58
192,-148.91
193,-149.84
194,-155.28
195,-152.5
196,-141.2
197,-146.06
198,-169.59
199,-159.37
200,-151.54
201,-135.98
202,-146.48
203,-155.35
204,-163.8
205,-154.71
206,-156.42
207,-168.39
208,-186.31
209,-186.78
210,-172.24
211,-149.42
212,-168.75
213,-174.85
214,-158.26
215,-129.84
216,-126.14
217,-134.48
218,-154.79
219,-157.18
220,-140.28
221,-133.21
222,-140.53
223,-146.39
224,-128.3
225,-112.41
226,-113.06
227,-118.16
228,-103.73
229,-80.08
230,-70.417
231,-73.874
232,-96.748
233,-114.89
234,-98.025
235,-92.382
236,-82.668
237,-107.22
238,-94.384
239,-89.457
240,-68.281
241,-80.964
242,-69.034
243,-64.687
244,-63.604
245,-72.775
246,-73.262
247,-82.062
248,-92.284
249,-99.874
250,-92.93
251,-100.6
252,-95.054
253,-103.45
254,-96.859
255,-108.39
256,-87.685
257,-77.423
258,-72.598
259,-95.922
260,-103.95
261,-110.2
262,-117.87
263,-115.65
264,-113.07
265,-125.8
266,-115.26
267,-112.93
268,-109.39
269,-124.87
270,-100.46
271,-99.06
272,-94.659
273,-99.695
274,-107.59
275,-120.87
276,-126.39
277,-131.71
278,-132.34
279,-127
280,-107.72
281,-119.7
282,-132.21
283,-145.88
284,-129.85
285,-154.55
286,-144.7
287,-136.11
288,-126.43
289,-145.66
290,-151.68
291,-163.45
292,-167.56
293,-160.7
294,-150.32
295,-149.41
296,-145.68
297,-145.16
298,-129.99
299,-144.15
300,-141.39
301,-145.26
302,-150.72
303,-164.38
304,-172.33
305,-191.55
306,-201.55
307,-192.44
308,-189.26
309,-189.53
310,-190.28
311,-195.55
312,-196.05
313,-191.86
314,-188.52
315,-205.5
316,-205.24
317,-203.45
318,-196.28
319,-207.15
320,-219.15
321,-222.09
322,-217.48
323,-208.08
324,-212.91
325,-205.31
326,-196.46
327,-192.4
328,-184.71
329,-176.43
330,-171.99
331,-186.35
332,-206.47
333,-206.62
334,-189.8
335,-195.06
336,-200.11
337,-199.24
338,-192.49
339,-184.47
340,-180.72
341,-190.74
342,-169.55
343,-158.73
344,-166.96
345,-174.86
346,-181.45
347,-192.83
348,-195.55
349,-195.07
350,-182.28
351,-199.82
352,-191.45
353,-182.01
354,-175.26
355,-204.15
356,-186.71
357,-176.64
358,-172.58
359,-188.06
360,-193.05
361,-212.73
362,-218.1
363,-216.08
364,-206.65
365,-225.41
366,-214.21
367,-206.55
368,-205.7
369,-233.71
370,-212.17
371,-206.94
372,-200.49
373,-205.32
374,-207.3
375,-219.94
376,-218.14
377,-209.55
378,-194.3
379,-226.74
380,-215.06
381,-205.72
382,-188.26
383,-219.9
384,-203.28
385,-199.89
386,-185.23
387,-210.28
388,-215.6
389,-238.54
390,-243.23
391,-244.02
392,-253.95
393,-242.06
394,-218.72
395,-215.9
396,-241.74
397,-269.32
398,-244.23
399,-247.17
400,-242.6
401,-253.29
402,-241.67
403,-245.26
404,-241.64
405,-226.07
406,-221.62
407,-217.1
408,-201.97
409,-217.15
410,-209.66
411,-218.78
412,-208.42
413,-219.81
414,-205.63
415,-214.3
416,-203.6
417,-229.09
418,-227.97
419,-229.5
420,-232.45
421,-244.13
422,-235.47
423,-248.91
424,-234.73
425,-249.28
426,-242.04
427,-248.42
428,-233.48
429,-241.53
430,-248.85
431,-264.13
432,-252.99
433,-259.02
434,-265.44
435,-277.9
436,-269.33
437,-276.95
438,-271.01
439,-286.26
440,-266.34
441,-288.91
442,-285.04
443,-293.63
444,-278.03
445,-298.98
446,-307.55
447,-319.44
448,-306.8
449,-319.81
450,-338.48
451,-341.83
452,-317.63
453,-322.68
454,-323.82
455,-348.47
456,-339.92
457,-336.56
458,-331.81
459,-339.97
460,-337.03
461,-342.88
462,-354.74
463,-363.45
464,-364.34
465,-366.41
466,-360.43
467,-367.85
468,-376
469,-396.23
470,-385.2
471,-392.73
472,-378.51
473,-394.85
474,-401.59
475,-405.63
476,-391.49
477,-377.6
478,-378.85
479,-394.71
480,-368.76
481,-372.99
482,-359.88
483,-402.6
484,-404.52
485,-399.11
486,-373.64
487,-383.18
488,-393.46
489,-401.49
490,-389.67
491,-375.31
492,-366.34
493,-378.83
494,-350.05
495,-341.25
496,-343.52
497,-364.16
498,-343.59
499,-342.59
500,-328.3
501,-345.26
502,-322.79
503,-319.9
504,-312.44
505,-312.45
506,-287.9
507,-305.58
508,-305.56
509,-310.85
510,-265.8
511,-268.79
512,-265.73
513,-253.87
514,-239.84
515,-257.44
516,-270.86
517,-264.25
518,-220.13
519,-210.21
520,-209.88
521,-231.59
522,-225.77
523,-224.69
524,-213.48
525,-203.61
526,-192.87
527,-190.32
528,-174.44
529,-175.56
530,-181.64
531,-191.21
532,-180.85
533,-179.95
534,-176.17
535,-201.99
536,-203.86
537,-205.47
538,-183.17
539,-190.44
540,-185.95
541,-186.63
542,-167.3
543,-166.99
544,-166.24
545,-184.79
546,-187.16
547,-176.18
548,-155.97
549,-168.8
550,-159.89
551,-163.86
552,-155.82
553,-163.66
554,-147.37
555,-147.61
556,-146
557,-142.95
558,-134.67
559,-141.75
560,-130.93
561,-117.56
562,-104.59
563,-123.26
564,-123.26
565,-129.9
566,-109.05
567,-139.66
568,-118.84
569,-121.67
570,-119.48
571,-112.77
572,-125.53
573,-121.43
574,-96.883
575,-93.696
576,-85.588
577,-83.676
578,-51.449
579,-61.233
580,-50.26
581,-69.534
582,-58.591
583,-68.145
584,-54.87
585,-59.988
586,-53.328
587,-79.558
588,-79.94
589,-88.292
590,-79.431
591,-110.9
592,-105
593,-94.481
594,-82.012
595,-100.37
596,-105.44
597,-108.82
598,-89.643
599,-105.79
600,-109.11
601,-126.88
602,-120.94
603,-125.55
604,-110.05
605,-116.71
606,-110.34
607,-96.728
608,-103.87
609,-116.04
610,-97.398
611,-97.764
612,-80.04
613,-119.12
614,-126.59
615,-127.51
616,-105.38
617,-136.97
618,-138.04
619,-151.2
620,-142.97
621,-150.4
622,-168.14
623,-183.51
624,-163.2
625,-152.36
626,-168.11
627,-176.27
628,-158.11
629,-149.24
630,-137.79
631,-150.2
632,-153.98
633,-155.81
634,-147.77
635,-139.55
636,-162.51
637,-169.93
638,-166.68
639,-165.98
640,-185.43
641,-165.51
642,-147.34
643,-138.05
644,-165.66
645,-168.29
646,-178.94
647,-175.58
648,-176.72
649,-164.48
650,-187.05
651,-192.46
652,-191.29
653,-191.17
654,-199.6
655,-189.29
656,-183.86
657,-168.62
658,-177.95
659,-174.24
660,-180.03
661,-151.7
662,-143.62
663,-125.58
664,-164.96
665,-175.33
666,-174.69
667,-155.07
668,-160.09
669,-152.82
670,-170.18
671,-155
672,-153.46
673,-147.38
674,-149.05
675,-124.81
676,-124.72
677,-122.12
678,-125.9
679,-134.62
680,-137.28
681,-129.83
682,-137.71
683,-128.98
684,-151.12
685,-138.81
686,-144.94
687,-119.24
688,-136.38
689,-116.42
690,-125.9
691,-115.09
692,-129.28
693,-131.39
694,-149.97
695,-152.83
696,-150.59
697,-156.26
698,-162.05
699,-161.86
700,-164.16
701,-158.52
702,-179.14
703,-173.35
704,-188.01
705,-177.8
706,-193.69
707,-186.48
708,-208.19
709,-222.41
710,-233.12
711,-227.26
712,-230.05
713,-232.55
714,-228.1
715,-224.5
716,-254.45
717,-251.4
718,-258.97
719,-228.82
720,-243.64
721,-233.78
722,-238.76
723,-230.25
724,-231.89
725,-225.62
726,-250.19
727,-253.52
728,-250.7
729,-234.17
730,-267.88
731,-256.44
732,-255.85
733,-236.95
734,-256.45
735,-271.86
736,-270.8
737,-246.78
738,-253.45
739,-258.44
740,-271.15
741,-264.01
742,-270.84
743,-263.66
744,-280.82
745,-270.43
746,-272.47
747,-261.21
748,-279.95
749,-272.67
750,-276.76
751,-273.11
752,-287.47
753,-288.46
754,-284.21
755,-291.83
756,-301.64
757,-291.49
758,-297.97
759,-282.47
760,-295.43
761,-298.7
762,-308.98
763,-299.51
764,-299.71
765,-310.49
766,-320.42
767,-319.49
768,-312.79
769,-316.28
770,-307.74
771,-308.07
772,-304.91
773,-286.56
774,-303.41
775,-301.35
776,-300.75
777,-303.13
778,-326.04
779,-322.34
780,-318.8
781,-322.3
782,-331.72
783,-329.59
784,-348.46
785,-350.98
786,-342.21
787,-344.05
788,-329.45
789,-315.52
790,-305.68
791,-315.35
792,-314.85
793,-303.21
794,-286.49
795,-280.58
796,-297.87
797,-313.83
798,-323.6
799,-312.23
800,-315.18
801,-314.83
802,-314.83
803,-299.24
804,-283.45
805,-269.65
806,-300.56
807,-293.59
808,-277.5
809,-261.81
810,-281.95
811,-279.88
812,-292.7
813,-291.81
814,-305.93
815,-301.67
816,-300.27
817,-288.24
818,-281.72
819,-286.5
820,-299.17
821,-279.68
822,-247.76
823,-232.41
824,-244.67
825,-254.28
826,-263.77
827,-253.14
828,-249.7
829,-225.86
830,-229.25
831,-227.03
832,-229.33
833,-226.25
834,-244.07
835,-233.35
836,-228.77
837,-209.67
838,-202.8
839,-225.89
840,-241.9
841,-235.96
842,-234.19
843,-238
844,-227.66
845,-211.73
846,-221.07
847,-217.25
848,-215.94
849,-211.47
850,-236.53
851,-231.99
852,-227.86
853,-231.16
854,-234.07
855,-237.59
856,-225.9
857,-222.13
858,-208.89
859,-217.09
860,-208.99
861,-199.21
862,-217.33
863,-233.1
864,-238.6
865,-246.53
866,-278.83
867,-267.35
868,-249.94
869,-240.42
870,-257.86
871,-269.06
872,-277.18
873,-262.52
874,-257.61
875,-251.31
876,-255.53
877,-274.55
878,-277.56
879,-273.13
880,-288.09
881,-291.53
882,-272.8
883,-250.29
884,-253.93
885,-271.03
886,-275.32
887,-266.74
888,-271.87
889,-269.68
890,-261.61
891,-261.3
892,-253.41
893,-248.26
894,-233.46
895,-235.78
896,-212.8
897,-185.83
898,-172.59
899,-180.71
900,-189.33
901,-212.13
902,-211.97
903,-209.34
904,-211.01
905,-211.8
906,-194.27
907,-201
908,-214.61
909,-226.22
910,-202.73
911,-171.37
912,-154.88
913,-179.15
914,-206.61
915,-216.34
916,-191.87
917,-179.51
918,-174.98
919,-196.26
920,-198.44
921,-202.09
922,-176.19
923,-166.65
924,-143.84
925,-148.67
926,-139.87
927,-145.45
928,-146.29
929,-143.46
930,-132.12
931,-112.66
932,-92.03
933,-83.853
934,-100.37
935,-101.8
936,-80.257
937,-66.288
938,-55.74
939,-40.624
940,-33.022
941,-28.912
942,-14.409
943,11.081
944,13.771
945,19.283
946,10.177
947,12.608
948,4.3292
949,15.517
950,17.541
951,24.725
952,21.945
953,15.503
954,15.857
955,17.56
956,33.213
957,35.634
958,42.674
959,63.322
960,54.608
1001,150.21
1002,136.41
1003,126.87
1004,128.68
1005,124.6
1006,108.15
1007,113.27
1008,131.12
1009,101.99
1010,101.92
1011,111.93
1012,119.3
1013,101.92
1014,104.49
1015,100.63
1016,101.6
1017,106.26
1018,111.57
1019,97.52
1020,101.76
1021,107.43
1022,132.82
1023,113.38
1024,108.47
1025,110.53
1026,107.24
1027,84.961
1028,83.147
1029,73.001
1030,70.311
1031,70.498
1032,69.547
1033,86.607
1034,74.546
1035,77.515
1036,75.342
1037,89.87
1038,77.212
1039,66.965
1040,57.167
1041,47.953
1042,64.112
1043,50.601
1044,44.716
1045,41.061
1046,38.384
1047,42.537
1048,53.301
1049,60.823
1050,48.709
1051,65.841
1052,80.564
1053,87.014
1054,77.982
1055,68.875
1056,57.038
1057,52.868
1058,64.412
1059,61.916
1060,61.509
1061,48.905
1062,52.25
1063,48.903
1064,65.235
1065,76.042
1066,92.122
1067,79.052
1068,79.635
1069,80.858
1070,93.556
1071,79.31
1072,84.88
1073,83.929
1074,86.042
1075,75.217
1076,76.609
1077,64.399
1078,73
1079,77.925
1080,64.893
1081,70.168
1082,92.024
1083,100.19
1084,91.487
1085,82.883
1086,85.515
1087,87.007
1088,84.033
1089,68.042
1090,66.826
1091,69.561
1092,73.478
1093,74.691
1094,72.291
1095,72.375
1096,86.118
1097,89.811
1098,98.593
1099,91.335
1100,77.054
1101,63.895
1102,60.694
1103,57.368
1104,49.829
1105,35.462
1106,31.208
1107,36.455
1108,52.58
1109,35.338
1110,41.767
1111,60.755
1112,77.237
1113,57.103
1114,58.291
1115,44.199
1116,47.11
1117,47.588
1118,59.779
1119,55.43
1120,51.125
1121,50.462
1122,53.344
1123,52.52
1124,63.455
1125,93.327
1126,100.38
1127,99.364
1128,93.802
1129,83.427
1130,93.102
1131,90.507
1132,104.81
1133,101.36
1134,104.63
1135,107.43
1136,95.284
1137,82.942
1138,97.583
1139,116.43
1140,113.71
1141,111.13
1142,111.96
1143,104.88
1144,107.59
1145,96.052
1146,90.536
1147,79.694
1148,89.663
1149,90.885
1150,88.768
1151,72.953
1152,81.14
1153,80.448
1154,80.604
1155,78.979
1156,92.607
1157,89.319
1158,99.189
1159,95.635
1160,102.24
1161,86.954
1162,93.861
1163,81.957
1164,92.519
1165,74.936
1166,83.494
1167,77.994
1168,86.544
1169,78.576
1170,78.099
1171,67.456
1172,88.918
1173,89.325
1174,91.235
1175,69.765
1176,83.925
1177,81.679
1178,94.641
1179,68.674
1180,74.917
1181,69.79
1182,69.852
1183,48.452
1184,44.822
1185,34.989
1186,44.23
1187,25.427
1188,18.791
1189,14.933
1190,36.561
1191,38.102
1192,22.797
1193,1.1382
1194,21.793
1195,24.49
1196,30.347
1197,14.678
1198,24.923
1199,23.743
1200,23.996
1201,29.617
1202,12.461
1203,-2.8834
1204,11.445
1205,-3.904
1206,-5.5944
1207,-25.167
1208,-28.796
1209,-35.299
1210,-20.16
1211,-34.316
1212,-28.01
1213,-40.135
1214,-29.087
1215,-22.963
1216,-4.7348
1217,-24.493
1218,-29.947
1219,-40.914
1220,-29.39
1221,-32.328
1222,-47.01
1223,-55.003
1224,-34.461
1225,-27.213
1226,-22.925
1227,-46.991
1228,-43.126
1229,-24.493
1230,-16.8
1231,-9.7879
1232,-28.165
1233,-32.474
1234,-16.979
1235,-15.65
1236,-18.854
1237,-27.981
1238,-0.82103
1239,1.0268
1240,-2.3244
1241,-13.221
1242,-2.4621
1243,4.7674
1244,19.287
1245,1.5189
1246,6.7005
1247,8.3434
1248,5.8588
1249,-3.6092
1250,-12.118
1251,-17.735
1252,-7.0252
1253,-23.854
1254,-15.668
1255,-37.339
1256,-25.273
1257,-36.941
1258,-16.185
1259,-37.996
1260,-27.707
1261,-36.14
1262,-45.778
1263,-61.24
1264,-63.478
1265,-70.385
1266,-74.457
1267,-81.835
1268,-67.524
1269,-94.908
1270,-79.671
1271,-91.807
1272,-74.672
1273,-109.33
1274,-101.06
1275,-106.1
1276,-117.63
1277,-137.96
1278,-145.59
1279,-149.88
1280,-148.32
1281,-170.56
1282,-172.55
1283,-189.16
1284,-162.55
1285,-177.47
1286,-180.94
1287,-185.92
1288,-189.63
1289,-189.19
1290,-203.19
1291,-207.51
1292,-217.28
1293,-214.79
1294,-200.84
1295,-209.65
1296,-219.52
1297,-230.92
1298,-218.9
1299,-232.7
1300,-205.41
1301,-203.44
1302,-196.35
1303,-195.69
1304,-212.36
1305,-216.83
1306,-224.8
1307,-226.08
1308,-216.72
1309,-221.52
1310,-216.89
1311,-243.99
1312,-231.08
1313,-238.46
1314,-216.34
1315,-219.35
1316,-214.92
1317,-211.49
1318,-221.2
1319,-226.39
1320,-246.9
1321,-235.14
1322,-219.25
1323,-226.88
1324,-234.02
1325,-268.3
1326,-261.36
1327,-276.1
1328,-274.51
1329,-286.49
1330,-264.4
1331,-249.22
1332,-250.56
1333,-269.18
1334,-267.6
1335,-265.1
1336,-270.27
1337,-272.24
1338,-284.46
1339,-295.62
1340,-291.33
1341,-312.97
1342,-311.81
1343,-318.19
1344,-296.05
1345,-283.7
1346,-286.68
1347,-305.42
1348,-318.43
1349,-317.96
1350,-320.31
1351,-318.89
1352,-320.74
1353,-339.86
1354,-346.04
1355,-355.46
1356,-332.34
1357,-331.06
1358,-309.91
1359,-290.25
1360,-280.77
1361,-291.65
1362,-276.74
1363,-272.74
1364,-260.31
1365,-265.29
1366,-282.35
1367,-289.89
1368,-286.12
1369,-296.04
1370,-307.93
1371,-308.81
1372,-280.45
1373,-263.73
1374,-277.59
1375,-290.79
1376,-282.04
1377,-266.66
1378,-267
1379,-270.32
1380,-273.86
1381,-276.47
1382,-277.75
1383,-275.59
1384,-272.16
1385,-294.96
1386,-283.88
1387,-277.58
1388,-267.64
1389,-274.22
1390,-268.33
1391,-266.84
1392,-267.1
1393,-253.98
1394,-256.46
1395,-266.17
1396,-270.04
1397,-282.18
1398,-281.7
1399,-283.31
1400,-285.85
1401,-299.36
1402,-268.4
1403,-255.29
1404,-254.66
1405,-278.67
1406,-279.87
1407,-272
1408,-256.06
1409,-262.31
1410,-253.11
1411,-263.71
1412,-269.86
1413,-270.31
1414,-256.87
1415,-258.21
1416,-224.63
1417,-191.52
1418,-170.26
1419,-194.69
1420,-194.2
1421,-191.48
1422,-175.82
1423,-173.87
1424,-168.29
1425,-163.13
1426,-163.99
1427,-162.62
1428,-157.27
1429,-156.28
1430,-155.12
1431,-140.34
1432,-123.14
1433,-114.6
1434,-103.53
1435,-94.851
1436,-78.264
1437,-75.434
1438,-68.689
1439,-92.267
1440,-98.796
1441,-77.498
1442,-48.203
1443,-50.067
1444,-67.1
1445,-76.547
1446,-67.691
1447,-45.881
1448,-23.98
1449,-22.252
1450,-32.79
1451,-32.824
1452,-20.707
1453,6.496
1454,15.705
1455,4.7285
1456,11.899
1457,25.668
1458,36.733
1459,40.933
1460,34.486
1461,39.534
1462,55.329
1463,68.373
1464,49.793
1465,58.896
1466,87.525
1467,115.73
1468,107.6
1469,101.34
1470,79.565
1471,87.662
1472,88.632
1473,97.613
1474,107.74
1475,112.58
1476,106.62
1477,96.791
1478,97.746
1479,112.73
1480,111.08
1481,124.4
1482,117.08
1483,129.54
1484,121.58
1485,151.72
1486,146.44
1487,153.05
1488,144.79
1489,135.78
1490,126.76
1491,118.93
1492,120
1493,104.99
1494,116.7
1495,126.77
1496,114.16
1497,95.198
1498,89.618
1499,98.868
1500,100.18
1501,86.898
1502,84.671
1503,83.334
1504,78.018
1505,71.751
1506,85.592
1507,64.09
1508,76.223
1509,88.557
1510,107.24
1511,87.949
1512,87.173
1513,86.63
1514,93.036
1515,100.62
1516,106.54
1517,100.81
1518,104.61
1519,105.26
1520,120.65
1521,105.15
1522,116.01
1523,145.68
1524,164.02
1525,140.61
1526,137.44
1527,135.7
1528,141.81
1529,130.32
1530,123.37
1531,123.62
1532,124.7
1533,121.99
1534,115.85
1535,110.63
1536,118.22
1537,140.06
1538,150.76
1539,135.32
1540,138.91
1541,144.41
1542,144.58
1543,126.73
1544,135.41
1545,128.42
1546,122.93
1547,126.82
1548,124.74
1549,120.12
1550,134.65
1551,148.66
1552,157.8
1553,143.55
1554,155.71
1555,142.92
1556,173.65
1557,159.01
1558,172.48
1559,162.51
1560,163.16
1561,173.19
1562,185.69
1563,179.42
1564,163.15
1565,165.12
1566,188.94
1567,183.69
1568,155.1
1569,153.24
1570,180.13
1571,197.94
1572,174.12
1573,180.25
1574,171.87
1575,183.55
1576,200.5
1577,188.91
1578,179.65
1579,188.67
1580,215.52
1581,224.07
1582,203.41
1583,186.08
1584,191.61
1585,205.08
1586,224.29
1587,226.91
1588,224.15
1589,231.04
1590,236.55
1591,252.93
1592,241.14
1593,238.57
1594,266.17
1595,272.64
1596,261.4
1597,253.28
1598,259.64
1599,256.56
1600,255.59
1601,250.38
1602,256.29
1603,260.25
1604,254.12
1605,255.68
1606,244.72
1607,246.4
1608,270.85
1609,260.73
1610,269.96
1611,261.86
1612,264.79
1613,255.66
1614,260.03
1615,237.04
1616,237.42
1617,249.16
1618,252.3
1619,254.72
1620,242.69
1621,230.3
1622,235.04
1623,230.13
1624,219.99
1625,211.53
1626,232.57
1627,246.15
1628,255.13
1629,233.77
1630,227.5
1631,229.76
1632,223.06
1633,232.43
1634,244.06
1635,229.54
1636,228.51
1637,235.06
1638,264.99
1639,263.19
1640,262.94
1641,274.06
1642,290.74
1643,277.43
1644,289
1645,284.96
1646,289.49
1647,298.89
1648,308.65
1649,312.62
1650,318.05
1651,319.32
1652,330.74
1653,312.49
1654,324.52
1655,328.83
1656,348.3
1657,347.11
1658,347.6
1659,345.24
1660,348.17
1661,333.81
1662,330.52
1663,333.16
1664,354.92
1665,356.33
1666,350.07
1667,336.04
1668,353.91
1669,346.86
1670,335.69
1671,318.12
1672,315.03
1673,332.82
1674,354.82
1675,358.7
1676,332.95
1677,337.87
1678,363.23
1679,367.32
1680,358.07
1681,350.24
1682,351.34
1683,349.6
1684,364.34
1685,367.44
1686,362.19
1687,381.16
1688,411.36
1689,433.56
1690,404.55
1691,409.07
1692,415.35
1693,412.27
1694,419.69
1695,407.42
1696,400.37
1697,390.88
1698,397.01
1699,404.45
1700,405.85
1701,392.13
1702,399.16
1703,407.69
1704,425.19
1705,436.26
1706,441.19
1707,430.95
1708,431.06
1709,436.15
1710,445.43
1711,430.96
1712,423.91
1713,426
1714,420.81
1715,421.19
1716,414.93
1717,410.24
1718,440.06
1719,445.16
1720,438.02
1721,418.74
1722,417.56
1723,412.95
1724,413.22
1725,400.82
1726,399.96
1727,396.05
1728,388.72
1729,400.89
1730,381.84
1731,373.97
1732,400.13
1733,409.59
1734,416.15
1735,414.24
1736,414.58
1737,404.35
1738,438.49
1739,445.1
1740,459.33
1741,466.53
1742,466.58
1743,466.42
1744,479.01
1745,476.31
1746,478.84
1747,491.26
1748,520.71
1749,518.68
1750,497.27
1751,484.27
1752,502.11
1753,510.73
1754,515.59
1755,499.78
1756,492.39
1757,507.97
1758,533.46
1759,536.02
1760,535.36
1761,543.29
1762,567.18
1763,569.13
1764,562.44
1765,536.75
1766,547.46
1767,569.66
1768,577.03
1769,571.65
1770,564.97
1771,582.48
1772,589.54
1773,580.51
1774,565.9
1775,563.63
1776,564.46
1777,573.7
1778,581.3
1779,573.42
1780,568.33
1781,580.8
1782,588.28
1783,574.04
1784,587.01
1785,602.71
1786,599.67
1787,597.67
1788,593.81
1789,570.27
1790,556.07
1791,557.27
1792,556.2
1793,560.05
1794,553.95
1795,549.71
1796,557.82
1797,565.29
1798,571.12
1799,569.7
1800,564.33
1801,557.07
1802,556.28
1803,554.44
1804,545.18
1805,520.98
1806,522.38
1807,528.98
1808,533.73
1809,517.84
1810,524.19
1811,513.61
1812,542.22
1813,552.6
1814,559.49
1815,542.85
1816,538.57
1817,548
1818,561.18
1819,550.38
1820,534.33
1821,519.97
1822,541.27
1823,548.8
1824,551.49
1825,538.74
1826,554.85
1827,567.92
1828,554.79
1829,541.08
1830,554.15
1831,577.58
1832,576.78
1833,582.02
1834,563.32
1835,547.85
1836,550.68
1837,549.26
1838,570.03
1839,568.84
1840,564.48
1841,566.15
1842,563.61
1843,556.28
1844,560.28
1845,564.78
1846,582.64
1847,617.86
1848,608.28
1849,623.98
1850,605.29
1851,619.05
1852,634.77
1853,625.63
1854,580.45
1855,570.66
1856,583.53
1857,580.28
1858,570.05
1859,568.43
1860,559.21
1861,562.41
1862,558.64
1863,558.8
1864,555.26
1865,570.68
1866,580.46
1867,590.61
1868,586.62
1869,584.15
1870,593.92
1871,588
1872,584.29
1873,580.16
1874,570.87
1875,559.16
1876,553.4
1877,562.94
1878,541.91
1879,558.18
1880,562.29
1881,578.34
1882,538.29
1883,533.67
1884,530.48
1885,527.32
1886,521.42
1887,510.58
1888,502.84
1889,511.75
1890,516.8
1891,501.73
1892,488.34
1893,500.23
1894,506.47
1895,524.23
1896,528.59
1897,532.57
1898,533.38
1899,537.47
1900,524.09
1901,527.31
1902,525.37
1903,517.25
1904,517.93
1905,523.7
1906,517.61
1907,514.17
1908,507.17
1909,518.55
1910,503.75
1911,523.16
1912,533.11
1913,539.23
1914,525.83
1915,517.71
1916,504.05
1917,493
1918,487.3
1919,485.32
1920,490.64
1921,492.04
1922,480.11
1923,481.98
1924,452.81
1925,473.41
1926,481.66
1927,491.35
1928,472.68
1929,468.3
1930,469.26
1931,479.26
1932,485.16
1933,478.69
1934,467.51
1935,477.8
1936,482.04
1937,492.63
1938,461.75
1939,479.57
1940,492.97
1941,514.85
1942,498.41
1943,499.25
1944,488.85
1945,476.28
1946,459.12
1947,459.4
1948,460.57
1949,464.22
1950,461.31
1951,460.95
1952,438.16
1953,472.89
1954,465.74
1955,481.99
1956,453.11
1957,463.5
1958,462.57
1959,462.07
1960,442.43
2001,328.4
2002,311.23
2003,312.86
2004,302.26
2005,293.69
2006,316.35
2007,320.85
2008,329.15
2009,326.04
2010,336.65
2011,348.22
2012,337.45
2013,340.47
2014,310.52
2015,306.79
2016,307.02
2017,314.82
2018,306.27
2019,304.86
2020,299.37
2021,302.93
2022,284.4
2023,280.8
2024,284.26
2025,305.54
2026,298.28
2027,313.82
2028,297.88
2029,291.74
2030,281.88
2031,300.01
2032,294.77
2033,292.32
2034,285.45
2035,289.66
2036,294.41
2037,296.6
2038,299.14
2039,302.01
2040,301.21
2041,321.68
2042,309.72
2043,308.03
2044,296.69
2045,303
2046,291.1
2047,311.82
2048,297.33
2049,290.95
2050,285.38
2051,287.53
2052,272.7
2053,269.72
2054,272.14
2055,279.24
2056,268.06
2057,275.85
2058,260.01
2059,278.7
2060,265.13
2061,259.84
2062,248.72
2063,263.92
2064,261.98
2065,260.38
2066,242.09
2067,246.62
2068,244.21
2069,240.45
2070,233.21
2071,244.24
2072,238.33
2073,245.72
2074,223.95
2075,233.16
2076,223.89
2077,231.64
2078,219.71
2079,228.75
2080,219.47
2081,217.98
2082,212.79
2083,217.07
2084,201.7
2085,203.95
2086,207.12
2087,212.2
2088,182.5
2089,196.06
2090,194.44
2091,224.75
2092,197.17
2093,198.81
2094,205.61
2095,227.03
2096,210.14
2097,194.52
2098,176.64
2099,187.27
2100,191.42
2101,200.96
2102,169.59
2103,179.53
2104,183.88
2105,186.05
2106,176.71
2107,189.92
2108,197.02
2109,207.62
2110,201.12
2111,205.75
2112,192.96
2113,193.57
2114,180.86
2115,184.16
2116,154.67
2117,170.95
2118,179.62
2119,182.87
2120,161.67
2121,174.28
2122,165.48
2123,154.54
2124,157
2125,152.99
2126,154.45
2127,166.44
2128,166.44
2129,152.45
2130,136.49
2131,157.15
2132,154.27
2133,150.8
2134,136.48
2135,133.25
2136,117.11
2137,127.5
2138,135.62
2139,139.97
2140,125.17
2141,126.33
2142,118.45
2143,141.98
2144,128.27
2145,146.75
2146,141.43
2147,152.21
2148,145.74
2149,154.17
2150,143.48
2151,138.25
2152,134.7
2153,145.71
2154,139.86
2155,119.18
2156,108.57
2157,121.75
2158,108.48
2159,97.713
2160,95.294
2161,109.02
2162,84.682
2163,101.8
2164,104.23
2165,120.03
2166,102.37
2167,103.83
2168,84.791
2169,84.316
2170,88.959
2171,90.044
2172,96.182
2173,98.773
2174,103.4
2175,83.088
2176,81.548
2177,95.592
2178,94.577
2179,73.749
2180,70.707
2181,58.201
2182,41.146
2183,50.283
2184,60.112
2185,77.687
2186,67.351
2187,71.858
2188,59.623
2189,78.086
2190,81.068
2191,96.701
2192,84.113
2193,78.087
2194,62.652
2195,52.164
2196,47.311
2197,34.87
2198,32.667
2199,45.25
2200,32.406
2201,25.603
2202,-4.2383
2203,9.9475
2204,-14.725
2205,-1.8307
2206,-3.2379
2207,3.9531
2208,-10.399
2209,-25.328
2210,-28.496
2211,-25.965
2212,-38.469
2213,-34.249
2214,-44.458
2215,-35.562
2216,-50.397
2217,-35.204
2218,-53.372
2219,-25.313
2220,-23.361
2221,-9.5611
2222,-13.431
2223,-20.116
2224,-32.4
2225,-42.949
2226,-49.444
2227,-52.443
2228,-51.14
2229,-32.967
2230,-64.213
2231,-77.217
2232,-90.815
2233,-57.591
2234,-67.831
2235,-80.489
2236,-63.689
2237,-66.331
2238,-65.361
2239,-69.598
2240,-60.882
2241,-65.467
2242,-76.198
2243,-62.173
2244,-51.333
2245,-34.983
2246,-58.816
2247,-73.858
2248,-86.541
2249,-71.996
2250,-70.187
2251,-58.046
2252,-61.464
2253,-64.404
2254,-58.354
2255,-43.322
2256,-52.82
2257,-56.244
2258,-31.324
2259,-6.1924
2260,1.5655
2261,3.3878
2262,-12.706
2263,-22.759
2264,-30.383
2265,-26.121
2266,-6.1837
2267,4.4911
2268,7.4177
2269,-0.22346
2270,-8.1621
2271,-7.5307
2272,4.3678
2273,23.003
2274,37.771
2275,42.772
2276,40.791
2277,34.86
2278,22.825
2279,35.996
2280,54.026
2281,79.059
2282,67.308
2283,55.874
2284,44.934
2285,54.591
2286,48.413
2287,58.68
2288,70.976
2289,97.27
2290,105.69
2291,103.02
2292,59.531
2293,53.845
2294,76.338
2295,106.25
2296,105.66
2297,104.43
2298,91.466
2299,85.622
2300,74.955
2301,69.038
2302,79.554
2303,111.52
2304,100.3
2305,93.616
2306,66.28
2307,67.386
2308,66.944
2309,67.314
2310,72.813
2311,91.33
2312,95.53
2313,100.07
2314,86.33
2315,95.09
2316,99.36
2317,120.75
2318,106.33
2319,115.76
2320,102.17
2321,96.664
2322,89.431
2323,90.131
2324,87.032
2325,82.612
2326,84.496
2327,95.733
2328,72.184
2329,68.449
2330,71.063
2331,80.89
2332,60.809
2333,54.54
2334,48.039
2335,40.25
2336,24.289
2337,23.286
2338,23.695
2339,24.076
2340,28.229
2341,26.077
2342,23.935
2343,34.463
2344,52.544
2345,54.821
2346,48.631
2347,41.513
2348,25.514
2349,26.564
2350,12.938
2351,18.791
2352,-2.4366
2353,5.2452
2354,17.184
2355,22.826
2356,1.2359
2357,17.268
2358,5.2535
2359,1.4024
2360,12.344
2361,10.219
2362,-4.1265
2363,4.4616
2364,13.925
2365,36.683
2366,29.841
2367,41.116
2368,41.247
2369,60.009
2370,48.321
2371,67.401
2372,59.173
2373,64.457
2374,66.196
2375,66.261
2376,48.692
2377,48.285
2378,46.768
2379,50.168
2380,59.827
2381,45.803
2382,37.639
2383,47.972
2384,48.868
2385,55.94
2386,46.299
2387,41.781
2388,35.18
2389,54.164
2390,64.936
2391,48.212
2392,35.423
2393,47.216
2394,68.641
2395,73.176
2396,70.933
2397,73.444
2398,79.703
2399,88.618
2400,85.027
2401,74.488
2402,58.853
2403,72.766
2404,105.25
2405,97.594
2406,74.137
2407,76.973
2408,78.604
2409,95.249
2410,93.742
2411,106.69
2412,97.219
2413,106.46
2414,131.62
2415,131.23
2416,124.09
2417,124.05
2418,139.79
2419,144.43
2420,156.32
2421,152.31
2422,145.75
2423,149.76
2424,150.96
2425,152.79
2426,151.63
2427,158.6
2428,168.11
2429,158.96
2430,174.25
2431,174.03
2432,188.03
2433,183.92
2434,197.81
2435,196.15
2436,194.46
2437,190.27
2438,190.52
2439,185.79
2440,188.85
2441,190.73
2442,182.64
2443,166.87
2444,185.99
2445,180.94
2446,192.19
2447,184.15
2448,180.54
2449,175.95
2450,179.13
2451,165.76
2452,173.52
2453,174.49
2454,162.71
2455,164.89
2456,163.57
2457,146.06
2458,151.21
2459,149.88
2460,157.55
2461,145.89
2462,148.51
2463,144.25
2464,175.22
2465,179.18
2466,185.85
2467,182.2
2468,168.11
2469,177.29
2470,188.01
2471,183.65
2472,172.44
2473,163.97
2474,170.31
2475,173.73
2476,172.55
2477,149.77
2478,180.47
2479,174.98
2480,184.29
2481,149.98
2482,148.07
2483,147.68
2484,131.74
2485,106.36
2486,109.21
2487,112.42
2488,107.7
2489,110.2
2490,107.98
2491,80.861
2492,113.19
2493,119.58
2494,118.25
2495,90.059
2496,91.729
2497,92.601
2498,111.96
2499,91.785
2500,74.212
2501,81.644
2502,95.758
2503,96.654
2504,83.599
2505,79.631
2506,106.26
2507,114.78
2508,108.88
2509,107.82
2510,102.7
2511,90.596
2512,92.395
2513,102.81
2514,118.06
2515,106.59
2516,100.87
2517,106.75
2518,128.51
2519,127.66
2520,142
2521,135.18
2522,132.84
2523,146.36
2524,151.19
2525,154.64
2526,146.34
2527,147.68
2528,152.41
2529,161.39
2530,145.57
2531,143.71
2532,137.74
2533,128.84
2534,145.72
2535,139.11
2536,149.78
2537,147.01
2538,144.59
2539,143.08
2540,143.63
2541,132.45
2542,124.25
2543,136.86
2544,139.25
2545,147.93
2546,134.63
2547,121.62
2548,127.86
2549,132.09
2550,125.36
2551,111.66
2552,107.74
2553,111.68
2554,113.97
2555,111.09
2556,97.418
2557,99.994
2558,117.62
2559,114.77
2560,110.72
2561,107.76
2562,103.6
2563,93.644
2564,99
2565,97.423
2566,105.46
2567,99.663
2568,101.07
2569,103.47
2570,114.99
2571,118.61
2572,150.27
2573,138.46
2574,142.23
2575,119.68
2576,118.25
2577,119.74
2578,121.41
2579,102.02
2580,107.79
2581,107.24
2582,105.78
2583,98.09
2584,104.57
2585,106.92
2586,116.34
2587,101.54
2588,94.781
2589,86.232
2590,99.449
2591,97.339
2592,98.037
2593,89.478
2594,87.931
2595,88.654
2596,94.469
2597,93.425
2598,92.363
2599,102.01
2600,127.75
2601,128.88
2602,129.02
2603,111.88
2604,99.688
2605,94.723
2606,116.05
2607,122.48
2608,114.66
2609,117.74
2610,118.55
2611,123.26
2612,114.89
2613,119.96
2614,126.6
2615,135.24
2616,134.91
2617,148.96
2618,147.88
2619,132.25
2620,145.27
2621,154.77
2622,156.45
2623,152.86
2624,139.26
2625,138.41
2626,139.89
2627,148.73
2628,161.72
2629,167.7
2630,183.45
2631,184.71
2632,192.99
2633,180.68
2634,190.41
2635,188.36
2636,193.55
2637,203.76
2638,184.54
2639,172.45
2640,151.56
2641,161.9
2642,163.66
2643,181.78
2644,183.67
2645,166.22
2646,160.25
2647,164.58
2648,168.9
2649,158.79
2650,159.95
2651,165.64
2652,177.76
2653,196.92
2654,171.4
2655,154.95
2656,158.57
2657,182.5
2658,200.66
2659,183.87
2660,163.27
2661,166.72
2662,184.43
2663,195.25
2664,187.21
2665,198.65
2666,192.15
2667,207.56
2668,214.6
2669,220.69
2670,210.84
2671,231.53
2672,241.65
2673,253.12
2674,245.62
2675,237.7
2676,244.6
2677,256.19
2678,238.25
2679,231.31
2680,230.52
2681,250.46
2682,244.89
2683,231.78
2684,227
2685,234.38
2686,223.97
2687,207.27
2688,210.51
2689,222.5
2690,222.28
2691,228.04
2692,218.38
2693,226.77
2694,227.95
2695,234.46
2696,224.29
2697,238.14
2698,237.82
2699,227.36
2700,221.45
2701,226.13
2702,224.09
2703,206.7
2704,197.68
2705,212.71
2706,211.21
2707,215.66
2708,217.26
2709,218.72
2710,216.9
2711,247.08
2712,274.03
2713,268.38
2714,259.1
2715,264.09
2716,265.78
2717,280.28
2718,285.25
2719,274.64
2720,265.53
2721,270.47
2722,286.56
2723,289.79
2724,286.26
2725,306.82
2726,309.61
2727,310.95
2728,294.34
2729,285.42
2730,282.83
2731,294.82
2732,308.54
2733,289.65
2734,283.13
2735,272.57
2736,280.07
2737,266.88
2738,291.16
2739,325.82
2740,349.9
2741,318.22
2742,306.5
2743,290.36
2744,296.66
2745,289.57
2746,295.12
2747,298.05
2748,310.86
2749,304.58
2750,305.74
2751,300.03
2752,297.56
2753,320.46
2754,328.43
2755,335.85
2756,329.97
2757,313.68
2758,297.77
2759,299.77
2760,292.24
2761,283.22
2762,310.48
2763,329.95
2764,336.89
2765,317.47
2766,306.29
2767,320.14
2768,317.07
2769,326.75
2770,327.91
2771,337.08
2772,326.31
2773,328.78
2774,327.5
2775,328.1
2776,345.23
2777,354.01
2778,350.66
2779,337.05
2780,327.47
2781,322.29
2782,316.29
2783,305.63
2784,300.29
2785,314
2786,314.19
2787,324.95
2788,303.91
2789,315.71
2790,319.72
2791,320.85
2792,298.94
2793,309.87
2794,311
2795,308.62
2796,297.17
2797,305.53
2798,290.39
2799,296.1
2800,292.71
2801,283.33
2802,282.54
2803,300.9
2804,313.84
2805,303.51
2806,287.07
2807,288.84
2808,284.41
2809,286.32
2810,275.3
2811,269.49
2812,262.11
2813,265.08
2814,245.6
2815,245
2816,243.71
2817,256
2818,265.9
2819,250.11
2820,241.38
2821,237.12
2822,240.75
2823,240.35
2824,239.69
2825,228.9
2826,225.89
2827,239.2
2828,244.34
2829,232.56
2830,232.73
2831,244.12
2832,264.91
2833,249.93
2834,246.55
2835,240.62
2836,244.42
2837,221.32
2838,231.57
2839,230.29
2840,231.89
2841,222.28
2842,217.2
2843,210.58
2844,218.46
2845,217.95
2846,220.17
2847,215.12
2848,232.25
2849,227.54
2850,254.12
2851,220.66
2852,233.38
2853,238.34
2854,251.92
2855,249.47
2856,234.1
2857,214.17
2858,218.87
2859,222.65
2860,229.34
2861,217.81
2862,254.21
2863,251.72
2864,250.78
2865,234.95
2866,238.43
2867,234.04
2868,231.29
2869,217.45
2870,222.17
2871,234.85
2872,228.01
2873,228.7
2874,211.54
2875,222.82
2876,246.42
2877,248.45
2878,241.55
2879,233.82
2880,230.82
2881,219.92
2882,236.92
2883,225.09
2884,233.41
2885,237.87
2886,238.95
2887,236.44
2888,242.73
2889,254.9
2890,261.61
2891,256.31
2892,247.9
2893,240.27
2894,233.54
2895,213
2896,215.3
2897,191.85
2898,205.17
2899,213.55
2900,218.46
2901,184.75
2902,198.78
2903,204.37
2904,219.78
2905,196.82
2906,190.78
2907,181.92
2908,175.41
2909,181.28
2910,169.41
2911,156.01
2912,171.77
2913,189.32
2914,193.59
2915,167.01
2916,178.55
2917,186.32
2918,197.78
2919,175.55
2920,183.26
2921,170.12
2922,155.33
2923,148.66
2924,143.08
2925,155.02
2926,171.72
2927,191.99
2928,202.57
2929,190.37
2930,197.6
2931,213.43
2932,220.08
2933,207.39
2934,198.68
2935,187.98
2936,194.74
2937,181.64
2938,148.15
2939,144.28
2940,155.3
2941,162.62
2942,132.77
2943,150.11
2944,157.24
2945,153.05
2946,138.59
2947,123.76
2948,115.86
2949,116.23
2950,113.29
2951,110.68
2952,115.64
2953,127.33
2954,137.44
2955,132.29
2956,122.36
2957,132.52
2958,135.81
2959,137.96
2960,133.95
3001,2.0031
3002,5.1099
3003,5.3953
3004,28.681
3005,21.648
3006,31.614
3007,44.708
3008,55.599
3009,35.186
3010,36.565
3011,33.637
3012,35.139
3013,30.572
3014,34.029
3015,24.011
3016,33.588
3017,19.243
3018,32.149
3019,12.332
3020,24.05
3021,30.411
3022,26.565
3023,6.3964
3024,9.3352
3025,5.0062
3026,-0.77896
3027,6.5429
3028,7.376
3029,8.9103
3030,18.68
3031,13.754
3032,-15.158
3033,-30.787
3034,-19.922
3035,-11.426
3036,-12.085
3037,-26.884
3038,-35.161
3039,-38.701
3040,-22.978
3041,-6.7611
3042,7.8587
3043,0.60879
3044,-21.468
3045,-26.642
3046,-18.059
3047,-20.418
3048,-36.118
3049,-46.048
3050,-28.436
3051,-19.486
3052,-10.148
3053,-20.934
3054,-14.189
3055,4.0309
3056,13.219
3057,0.0037336
3058,9.0583
3059,2.097
3060,4.8192
3061,-2.4813
3062,3.9047
3063,-15.09
3064,-18.742
3065,-22.538
3066,-19.756
3067,-24.781
3068,-26.724
3069,-27.908
3070,-40.322
3071,-25.268
3072,3.2567
3073,-6.108
3074,-29.632
3075,-35.162
3076,-36.592
3077,-30.921
3078,-35.237
3079,-55.907
3080,-53.296
3081,-49.276
3082,-32.817
3083,-37.122
3084,-35.615
3085,-44.222
3086,-38.616
3087,-29.248
3088,-28.887
3089,-36.668
3090,-49.925
3091,-55.292
3092,-61.007
3093,-54.914
3094,-61.278
3095,-69.508
3096,-47.747
3097,-35.536
3098,-42.656
3099,-59.081
3100,-56.329
3101,-64.211
3102,-54.094
3103,-66.149
3104,-79.206
3105,-88.794
3106,-89.697
3107,-87.936
3108,-96.582
3109,-104.88
3110,-94.686
3111,-87.899
3112,-82.024
3113,-89.448
3114,-87.204
3115,-95.152
3116,-80.544
3117,-68.374
3118,-66.644
3119,-109.09
3120,-103.99
3121,-102.16
3122,-88.642
3123,-98.493
3124,-78.056
3125,-59.782
3126,-45.758
3127,-61.204
3128,-74.72
3129,-80.258
3130,-60.796
3131,-61.357
3132,-46.213
3133,-58.085
3134,-60.378
3135,-64.085
3136,-74.986
3137,-91.435
3138,-78.764
3139,-78.532
3140,-66.911
3141,-66.607
3142,-74.772
3143,-85.753
3144,-75.698
3145,-64.558
3146,-67.567
3147,-59.201
3148,-54.603
3149,-52.156
3150,-57.526
3151,-75.542
3152,-76.703
3153,-83.588
3154,-67.98
3155,-67.355
3156,-70.115
3157,-54.327
3158,-56.919
3159,-47.371
3160,-58.248
3161,-26.391
3162,-26.257
3163,-15.621
3164,-27.348
3165,-23.223
3166,-27.99
3167,-38.931
3168,-50.412
3169,-69.046
3170,-71.375
3171,-63.72
3172,-61.923
3173,-76.331
3174,-88.411
3175,-70.869
3176,-83.818
3177,-73.151
3178,-75.405
3179,-58.099
3180,-71.886
3181,-51.354
3182,-40.725
3183,-52.808
3184,-68.373
3185,-59.071
3186,-67.957
3187,-62.022
3188,-76.034
3189,-66.911
3190,-83.056
3191,-83.042
3192,-81.705
3193,-84.343
3194,-101.2
3195,-98.346
3196,-100.48
3197,-100.52
3198,-104.67
3199,-82.958
3200,-101.73
3201,-86.73
3202,-96.639
3203,-76.879
3204,-95.591
3205,-93.668
3206,-102.85
3207,-111.46
3208,-111.09
3209,-123.12
3210,-106.2
3211,-97.649
3212,-102.83
3213,-122.85
3214,-131.14
3215,-125.22
3216,-131.01
3217,-141.51
3218,-161.15
3219,-160.23
3220,-184.78
3221,-187.77
3222,-189.06
3223,-189.9
3224,-196.6
3225,-196.96
3226,-203.8
3227,-193.52
3228,-180.39
3229,-155.71
3230,-149.12
3231,-155.76
3232,-171.26
3233,-177.23
3234,-175.99
3235,-170.59
3236,-159.04
3237,-153.61
3238,-178.51
3239,-176.48
3240,-176.58
3241,-176.14
3242,-178.36
3243,-156.17
3244,-146.57
3245,-159
3246,-156.43
3247,-148.41
3248,-146.28
3249,-158.21
3250,-170.21
3251,-175.94
3252,-159.54
3253,-149.06
3254,-151.38
3255,-160.55
3256,-149.38
3257,-134.98
3258,-125.56
3259,-142.57
3260,-142.58
3261,-140.2
3262,-118.88
3263,-111.85
3264,-124.67
3265,-142.99
3266,-138.49
3267,-120.32
3268,-108.32
3269,-109.84
3270,-108.4
3271,-100.3
3272,-83.85
3273,-85.2
3274,-73.38
3275,-82.426
3276,-75.772
3277,-62.109
3278,-65.313
3279,-68.756
3280,-76.577
3281,-75.273
3282,-70.291
3283,-65.684
3284,-93.605
3285,-92.372
3286,-74.315
3287,-60.868
3288,-90.42
3289,-96.61
3290,-99.729
3291,-94.713
3292,-98.015
3293,-109.33
3294,-132.95
3295,-130.68
3296,-118.68
3297,-100.1
3298,-116.55
3299,-107.13
3300,-95.36
3301,-98.556
3302,-105.9
3303,-97.775
3304,-106.29
3305,-113.62
3306,-126.31
3307,-120.91
3308,-116.09
3309,-123.81
3310,-117.19
3311,-116.93
3312,-112.67
3313,-114.67
3314,-89.691
3315,-93.704
3316,-81.851
3317,-70.424
3318,-75.187
3319,-71.96
3320,-81.374
3321,-88.824
3322,-100.46
3323,-82.777
3324,-61.381
3325,-73.491
3326,-87.978
3327,-86.317
3328,-87.779
3329,-89.315
3330,-83.697
3331,-78.96
3332,-74.298
3333,-60.137
3334,-40.812
3335,-35.815
3336,-39.414
3337,-37.475
3338,-42.631
3339,-23.466
3340,-22.375
3341,-22.795
3342,-36.082
3343,-28.646
3344,-24.711
3345,-17.587
3346,-39.256
3347,-23.163
3348,-11.891
3349,6.9106
3350,-44.041
3351,-32.389
3352,-31.629
3353,-18.319
3354,-44.789
3355,-43.967
3356,-58.282
3357,-66.035
3358,-76.518
3359,-79.357
3360,-75.174
3361,-53.41
3362,-39.601
3363,-22.068
3364,-34.389
3365,-37.063
3366,-41.246
3367,-35.191
3368,-35.703
3369,-45.534
3370,-56.643
3371,-65.466
3372,-65.132
3373,-62.388
3374,-73.141
3375,-83.572
3376,-59.803
3377,-41.892
3378,-54.117
3379,-71.614
3380,-65.113
3381,-56.513
3382,-45.561
3383,-50.93
3384,-56.443
3385,-61.539
3386,-55.822
3387,-46.999
3388,-59.139
3389,-74.973
3390,-49.662
3391,-24.945
3392,-18.46
3393,-45.962
3394,-55.29
3395,-50.032
3396,-47.733
3397,-46.284
3398,-38.198
3399,-32.622
3400,-23.9
3401,0.17926
3402,15.213
3403,12.269
3404,14.888
3405,11.137
3406,10.35
3407,21.411
3408,30.922
3409,19.915
3410,19.034
3411,26.135
3412,26.161
3413,4.7184
3414,19.713
3415,41.696
3416,59.528
3417,38.11
3418,25.5
3419,12.473
3420,10.412
3421,0.53365
3422,4.9913
3423,-2.5744
3424,10.125
3425,24.205
3426,34.333
3427,22.249
3428,27.82
3429,27.246
3430,41.07
3431,45.233
3432,49.26
3433,27.846
3434,22.002
3435,17.506
3436,18.655
3437,8.4787
3438,8.1262
3439,7.0999
3440,6.1394
3441,12.723
3442,11.989
3443,-8.3909
3444,17.36
3445,36.488
3446,43.893
3447,23.001
3448,24.365
3449,25.512
3450,36.755
3451,19.94
3452,14.838
3453,16.086
3454,10.583
3455,17.984
3456,3.5798
3457,12.3
3458,18.291
3459,5.2332
3460,-11.975
3461,-3.8537
3462,-0.6487
3463,-19.765
3464,-13.135
3465,1.5302
3466,15.152
3467,9.4007
3468,18.688
3469,-12.806
3470,-7.9523
3471,2.7149
3472,13.455
3473,24.911
3474,24.501
3475,20.703
3476,5.4361
3477,5.2805
3478,24.294
3479,36.555
3480,42.233
3481,27.266
3482,21.538
3483,14.154
3484,27.207
3485,25.369
3486,44.653
3487,47.364
3488,63.89
3489,59.903
3490,71.899
3491,71.125
3492,82.313
3493,90.672
3494,101.95
3495,96.048
3496,92.21
3497,81.755
3498,76.383
3499,66.595
3500,73.947
3501,56.725
3502,75.474
3503,60.574
3504,73.207
3505,49.993
3506,60.807
3507,57.771
3508,49.035
3509,32.019
3510,36.404
3511,27.425
3512,21.781
3513,13.447
3514,15.577
3515,-12.171
3516,9.5058
3517,-3.4591
3518,0.64866
3519,-25.442
3520,-30.548
3521,-43.602
3522,-35.235
3523,-52.051
3524,-60.838
3525,-56.021
3526,-45.174
3527,-47.581
3528,-59.968
3529,-80.605
3530,-59.11
3531,-64.43
3532,-54.962
3533,-92.897
3534,-95.931
3535,-90.478
3536,-71.335
3537,-79.765
3538,-86.011
3539,-89.395
3540,-78.509
3541,-75.03
3542,-77.315
3543,-92.447
3544,-88.176
3545,-95.794
3546,-81.47
3547,-102.61
3548,-94.065
3549,-95.474
3550,-75.985
3551,-74.91
3552,-77.817
3553,-84.576
3554,-73.048
3555,-78.191
3556,-79.136
3557,-75.472
3558,-66.124
3559,-85.693
3560,-78.57
3561,-83.161
3562,-45.009
3563,-51.974
3564,-47.159
3565,-47.555
3566,-44.916
3567,-60.087
3568,-58.101
3569,-73.797
3570,-79.292
3571,-65.876
3572,-46.835
3573,-57.479
3574,-90.46
3575,-81.916
3576,-58.342
3577,-49.689
3578,-66.191
3579,-78.787
3580,-71.839
3581,-54.586
3582,-47.808
3583,-37.976
3584,-31.65
3585,-7.0323
3586,4.5139
3587,-0.12702
3588,-7.1493
3589,-17.545
3590,-1.1075
3591,14.87
3592,22.698
3593,24.422
3594,10.986
3595,13.141
3596,23.128
3597,16.554
3598,-4.5997
3599,12.63
3600,12.745
3601,20.947
3602,-2.7996
3603,-3.9215
3604,-4.5282
3605,-10.517
3606,-29.06
3607,-32.523
3608,-23.149
3609,-16.339
3610,1.4564
3611,-30.008
3612,-32.849
3613,-11.817
3614,-16.015
3615,-5.8316
3616,-5.8859
3617,-6.3719
3618,-20.393
3619,-15.613
3620,0.50743
3621,-6.1227
3622,-5.7742
3623,-2.7162
3624,9.4846
3625,6.395
3626,8.8943
3627,10.756
3628,10.846
3629,35.331
3630,50.735
3631,49.5
3632,42.485
3633,44.04
3634,47.312
3635,44.675
3636,41.153
3637,21.805
3638,33.195
3639,38.245
3640,63.843
3641,49.484
3642,29.652
3643,29.325
3644,42.551
3645,55.965
3646,42.869
3647,29.6
3648,32.169
3649,36.429
3650,47.928
3651,43.512
3652,55.176
3653,71.536
3654,93.96
3655,95.465
3656,101.05
3657,80.868
3658,93.335
3659,100.52
3660,111.31
3661,93.887
3662,99.228
3663,106.28
3664,111.29
3665,79.256
3666,91.253
3667,108.02
3668,117.6
3669,85.562
3670,68.712
3671,72.505
3672,86.232
3673,78.855
3674,65.754
3675,48.574
3676,66.613
3677,79.994
3678,86.599
3679,63.709
3680,66.517
3681,76.178
3682,75.735
3683,74.919
3684,70.45
3685,54.729
3686,61.187
3687,74.228
3688,87.782
3689,90.912
3690,102.5
3691,98.578
3692,90.987
3693,80.214
3694,84.228
3695,78.043
3696,80.84
3697,86.06
3698,97.245
3699,88.804
3700,86.006
3701,88.961
3702,97.465
3703,88.78
3704,79.997
3705,64.47
3706,80.612
3707,73.569
3708,67.799
3709,56.159
3710,72.533
3711,75.697
3712,76.995
3713,51.943
3714,59.109
3715,66.101
3716,72.982
3717,76.593
3718,66.873
3719,53.211
3720,54.397
3721,52.97
3722,55.77
3723,46.893
3724,60.504
3725,73.135
3726,73.401
3727,65.727
3728,68.5
3729,60.005
3730,70.451
3731,71.655
3732,76.925
3733,59.667
3734,58.005
3735,59.025
3736,74.229
3737,52.993
3738,58.062
3739,61.394
3740,63.604
3741,45.713
3742,48.299
3743,35.389
3744,38.114
3745,35.449
3746,40.781
3747,31.335
3748,38.937
3749,36.358
3750,28.902
3751,24.29
3752,49.611
3753,51.814
3754,51.89
3755,29.255
3756,13.547
3757,16.596
3758,23.267
3759,1.8426
3760,2.1919
3761,10.589
3762,21.925
3763,21.431
3764,9.8862
3765,-13.772
3766,6.7448
3767,19.451
3768,23.636
3769,11.93
3770,0.070441
3771,-4.139
3772,-15.501
3773,-15.721
3774,-13.445
3775,-0.60423
3776,4.0793
3777,13.452
3778,19.529
3779,-2.1598
3780,6.9349
3781,-3.2342
3782,-2.4223
3783,0.70542
3784,-4.3897
3785,-24.79
3786,-31.246
3787,-27.366
3788,-40.787
3789,-42.181
3790,-36.38
3791,-36.524
3792,-50.808
3793,-47.012
3794,-32.816
3795,-35.331
3796,-49.071
3797,-53.456
3798,-67.036
3799,-66.202
3800,-77.657
3801,-81.646
3802,-87.494
3803,-70.288
3804,-66.86
3805,-67.092
3806,-91.726
3807,-87.14
3808,-75.045
3809,-65.541
3810,-68.731
3811,-65.88
3812,-78.814
3813,-80.516
3814,-87.238
3815,-86.312
3816,-104.65
3817,-88.677
3818,-78.299
3819,-80.07
3820,-95.664
3821,-86.654
3822,-74.44
3823,-80.941
3824,-88.662
3825,-96.396
3826,-96.827
3827,-85.767
3828,-92.23
3829,-98.547
3830,-116.22
3831,-101.56
3832,-107.32
3833,-105.32
3834,-117.89
3835,-126.89
3836,-134.17
3837,-124.84
3838,-108.46
3839,-118.64
3840,-132.59
3841,-118.49
3842,-115.38
3843,-109.37
3844,-116.5
3845,-111.5
3846,-117.85
3847,-106.18
3848,-99.16
3849,-101.97
3850,-127.05
3851,-126.21
3852,-121.67
3853,-107.02
3854,-102.45
3855,-81.693
3856,-104.8
3857,-97.354
3858,-92.651
3859,-65.786
3860,-76.003
3861,-73.083
3862,-69.287
3863,-62.73
3864,-70.377
3865,-65.685
3866,-64.069
3867,-54.795
3868,-56.426
3869,-61.416
3870,-65.596
3871,-45.621
3872,-42.041
3873,-31.895
3874,-51.524
3875,-42.783
3876,-35.854
3877,-20.798
3878,-38.257
3879,-24.656
3880,-31.796
3881,-38.646
3882,-37.245
3883,-40.54
3884,-33.101
3885,-19.381
3886,-21.349
3887,-30.204
3888,-49.66
3889,-29.057
3890,-30.622
3891,-39.994
3892,-54.308
3893,-60.356
3894,-73.61
3895,-64.38
3896,-62.668
3897,-71.992
3898,-57.729
3899,-33.877
3900,-37.49
3901,-54.298
3902,-55.969
3903,-53.275
3904,-44.846
3905,-38.222
3906,-51.618
3907,-62.449
3908,-58.117
3909,-38.909
3910,-18.646
3911,-20.774
3912,-29.859
3913,-37.43
3914,-23.797
3915,-13.743
3916,-1.5601
3917,-4.9339
3918,-13.452
3919,-9.605
3920,6.2304
3921,16.118
3922,18.076
3923,13.079
3924,30.816
3925,43.506
3926,47.984
3927,35.377
3928,46.471
3929,70.886
3930,75.713
3931,63.744
3932,48.92
3933,62.091
3934,62.285
3935,65.06
3936,41.456
3937,51.594
3938,69.936
3939,80.287
3940,61.168
3941,51.216
3942,75.157
3943,102.59
3944,90.561
3945,71.018
3946,64.173
3947,78.035
3948,79.965
3949,81.202
3950,81.233
3951,77.753
3952,79.162
3953,98.9
3954,103.81
3955,106.61
3956,110.78
3957,128.24
3958,132.77
3959,137.72
3960,116.09
4001,290.28
4002,298.11
4003,286.62
4004,289.06
4005,277.59
4006,305.87
4007,314.21
4008,309.32
4009,313.97
4010,303.51
4011,305.53
4012,313.49
4013,320.79
4014,307.36
4015,307.9
4016,306.65
4017,279.03
4018,291.98
4019,295.71
4020,311.86
4021,312.19
4022,298.36
4023,311.96
4024,293.73
4025,288.12
4026,283.02
4027,283.91
4028,283.27
4029,287.34
4030,282.92
4031,270.06
4032,279.54
4033,275.43
4034,274.7
4035,267.78
4036,258.78
4037,274.25
4038,260.37
4039,271.3
4040,259.27
4041,267.03
4042,276.18
4043,277.92
4044,267.09
4045,259.51
4046,269.09
4047,261.71
4048,259.89
4049,258.94
4050,257.93
4051,253.98
4052,234.72
4053,243.72
4054,231.47
4055,254.45
4056,258.57
4057,266.58
4058,260.71
4059,236.38
4060,227.56
4061,216.78
4062,230.03
4063,237.47
4064,239.11
4065,236.85
4066,214.93
4067,228.61
4068,232.02
4069,248.47
4070,237.11
4071,248.03
4072,246.92
4073,248.05
4074,250.77
4075,226.65
4076,216.27
4077,226.93
4078,239.35
4079,239.27
4080,224.48
4081,233.83
4082,216.91
4083,233.25
4084,229.42
4085,244.42
4086,234.92
4087,227.08
4088,219.58
4089,228.62
4090,233.62
4091,222.43
4092,218.26
4093,248.37
4094,254.17
4095,267.38
4096,251.08
4097,254.35
4098,251.22
4099,254.7
4100,255.62
4101,249.63
4102,230.89
4103,234.08
4104,237.94
4105,244.13
4106,230.56
4107,256.1
4108,254.85
4109,267.05
4110,251.95
4111,271.12
4112,268.71
4113,269.82
4114,257.79
4115,257.06
4116,244.05
4117,236.23
4118,231.43
4119,225.42
4120,210.85
4121,221.89
4122,219.57
4123,231.95
4124,213.6
4125,213.84
4126,213.36
4127,233.01
4128,224.82
4129,222.91
4130,207.64
4131,207.94
4132,208.74
4133,206.58
4134,202.84
4135,212.8
4136,219.36
4137,234.53
4138,225.43
4139,221.32
4140,223.37
4141,231.58
4142,220.34
4143,224.74
4144,227.24
4145,224.65
4146,211.43
4147,211.68
4148,210.66
4149,218.95
4150,227.77
4151,223.54
4152,210.65
4153,224.38
4154,242.05
4155,249.75
4156,228.52
4157,233.59
4158,223.43
4159,249.1
4160,244.73
4161,249.53
4162,249
4163,255.23
4164,259.51
4165,258.3
4166,260.2
4167,273.63
4168,288.1
4169,306.82
4170,303.89
4171,286.85
4172,282.03
4173,287.4
4174,265.67
4175,275.9
4176,286
4177,296.7
4178,304.49
4179,297.79
4180,289.3
4181,283.79
4182,298.99
4183,309.58
4184,307.45
4185,307.34
4186,290.34
4187,288.61
4188,280.34
4189,303.4
4190,302.94
4191,308.91
4192,328.65
4193,320.45
4194,319.41
4195,315.02
4196,309.3
4197,309.34
4198,322.04
4199,348.02
4200,339.28
4201,330.57
4202,328.49
4203,328.2
4204,318.51
4205,319.7
4206,320.73
4207,327.68
4208,354.1
4209,379.31
4210,384.11
4211,373.86
4212,390.8
4213,408.06
4214,403.19
4215,399.75
4216,386.61
4217,382.36
4218,367.58
4219,366.12
4220,361.08
4221,373.47
4222,361.54
4223,359.89
4224,352.92
4225,359.77
4226,373.23
4227,373.37
4228,364.91
4229,368.49
4230,371.74
4231,390.27
4232,369.7
4233,367.04
4234,358.22
4235,371.49
4236,361
4237,357.09
4238,350.28
4239,346.79
4240,350.24
4241,351.89
4242,345.49
4243,349.49
4244,355.36
4245,371.01
4246,362.12
4247,364.06
4248,349.64
4249,350.49
4250,333.11
4251,350.25
4252,340.84
4253,331.75
4254,329.52
4255,331.45
4256,324.83
4257,335.17
4258,339.57
4259,346.03
4260,345.69
4261,352.93
4262,341.75
4263,357.31
4264,345.72
4265,344.25
4266,323.34
4267,323.77
4268,329.92
4269,335.11
4270,316.24
4271,326.8
4272,307.18
4273,317.5
4274,314.27
4275,320.92
4276,299.76
4277,306.07
4278,300.98
4279,304.78
4280,270.61
4281,275.44
4282,274.27
4283,262.08
4284,247.86
4285,243.83
4286,235.04
4287,244.77
4288,239.44
4289,237.37
4290,227.79
4291,252.73
4292,264.37
4293,259.59
4294,243.51
4295,245.06
4296,231.01
4297,227.62
4298,219.71
4299,203.76
4300,196.16
4301,207.59
4302,214.59
4303,201.23
4304,199.77
4305,220.15
4306,211.05
4307,219.9
4308,223.81
4309,223.54
4310,209.69
4311,196.35
4312,180.07
4313,188.64
4314,178.86
4315,162.14
4316,168.16
4317,173.42
4318,168.21
4319,152.18
4320,163.19
4321,167.84
4322,168.93
4323,155.72
4324,139.26
4325,151.03
4326,146.25
4327,152.34
4328,138.48
4329,151.5
4330,151.18
4331,144.02
4332,121.19
4333,123.39
4334,126.25
4335,111.74
4336,114.46
4337,117.78
4338,115.12
4339,121.9
4340,118.86
4341,106.7
4342,93.164
4343,115.18
4344,127.59
4345,117.38
4346,116.08
4347,115.06
4348,102.5
4349,111.81
4350,131.39
4351,140.64
4352,127.06
4353,131.18
4354,134.66
4355,165.98
4356,155.43
4357,169.31
4358,152.37
4359,143.79
4360,144.65
4361,142.35
4362,151.79
4363,154.35
4364,172.17
4365,171.73
4366,173.36
4367,159.61
4368,157.89
4369,152.24
4370,118.41
4371,120.01
4372,110.68
4373,120.03
4374,120.3
4375,118.78
4376,112.23
4377,103.99
4378,115.55
4379,112.04
4380,104.17
4381,99.898
4382,88.251
4383,85.822
4384,73.877
4385,82.836
4386,62.197
4387,85.076
4388,101.47
4389,92.322
4390,74.514
4391,76.514
4392,78.14
4393,83.497
4394,90.458
4395,83.087
4396,81.287
4397,86.935
4398,98.737
4399,99.299
4400,77.588
4401,88.477
4402,90.37
4403,115.03
4404,100.1
4405,98.005
4406,94.527
4407,104.13
4408,113.98
4409,124.28
4410,146.35
4411,158.19
4412,165.63
4413,160.87
4414,178.54
4415,201.44
4416,200.04
4417,188.5
4418,174.48
4419,177.14
4420,165.08
4421,158.81
4422,160.15
4423,170.33
4424,178.36
4425,181.57
4426,173.28
4427,166.75
4428,188.44
4429,213.34
4430,203.75
4431,206.3
4432,189.88
4433,193.71
4434,182.83
4435,185.12
4436,179.8
4437,187.04
4438,197.82
4439,197.79
4440,187.05
4441,189.68
4442,210.06
4443,231.26
4444,217.08
4445,207.62
4446,186.78
4447,193.97
4448,178.45
4449,189.02
4450,184.02
4451,183.12
4452,186.05
4453,178.46
4454,167.96
4455,183.25
4456,184.54
4457,190.48
4458,202.95
4459,207.33
4460,196.76
4461,213.27
4462,231.32
4463,243.6
4464,234.13
4465,230.64
4466,221.06
4467,227.01
4468,205.51
4469,189.59
4470,189.51
4471,210.39
4472,230.99
4473,232.72
4474,197.76
4475,204.12
4476,228.02
4477,233
4478,231.13
4479,243.15
4480,253.87
4481,240.68
4482,230.48
4483,239.4
4484,270.49
4485,281.46
4486,270.9
4487,248.09
4488,231.41
4489,250.21
4490,256.76
4491,256.89
4492,247.44
4493,260.31
4494,277.87
4495,285.51
4496,273.91
4497,267.07
4498,287.77
4499,308.94
4500,302.4
4501,287.13
4502,266.54
4503,276.85
4504,281.75
4505,288.13
4506,284.29
4507,296.94
4508,310.24
4509,316.21
4510,301.63
4511,316.7
4512,329.32
4513,352.5
4514,356.27
4515,354.5
4516,328.81
4517,334.19
4518,325.07
4519,337.02
4520,325.17
4521,347.29
4522,372.73
4523,388.6
4524,373.46
4525,360.74
4526,373.09
4527,398.13
4528,391.42
4529,383.9
4530,377.59
4531,386.87
4532,382.72
4533,385.99
4534,363.5
4535,372.99
4536,393.25
4537,400.66
4538,373.51
4539,390.61
4540,402.87
4541,423.09
4542,408.02
4543,418.95
4544,401.22
4545,391.35
4546,377.52
4547,386.81
4548,384.1
4549,393.38
4550,409.12
4551,411.47
4552,387.7
4553,409.19
4554,428.03
4555,466.12
4556,472.65
4557,470.66
4558,449.56
4559,432.86
4560,436.48
4561,434.47
4562,441.99
4563,444.87
4564,438.36
4565,430.31
4566,420.67
4567,419.8
4568,428.14
4569,428.73
4570,447.41
4571,441.87
4572,446.05
4573,438.42
4574,451.68
4575,446.7
4576,461.33
4577,449.43
4578,446.07
4579,443.05
4580,442.6
4581,440.24
4582,432.09
4583,429.63
4584,459.39
4585,446.02
4586,436.36
4587,424.89
4588,440.81
4589,424.7
4590,422.05
4591,410.67
4592,414.94
4593,417.92
4594,407.94
4595,405.6
4596,395.38
4597,406.77
4598,434.58
4599,433.61
4600,432.06
4601,420.98
4602,421.94
4603,417.89
4604,435.39
4605,411.93
4606,413.86
4607,417.08
4608,414.66
4609,419.78
4610,424.27
4611,434.13
4612,435.17
4613,432.83
4614,436.52
4615,430.32
4616,429.65
4617,413.77
4618,422.07
4619,406.56
4620,428.05
4621,419.14
4622,431.19
4623,419.49
4624,429.62
4625,423.26
4626,419.57
4627,414
4628,420.22
4629,412.99
4630,404.99
4631,383.76
4632,393.26
4633,380.65
4634,391.62
4635,374.93
4636,367.34
4637,368.75
4638,370.56
4639,360.11
4640,366.42
4641,358.67
4642,353.42
4643,352.56
4644,354.67
4645,330.38
4646,338.46
4647,331.74
4648,337.23
4649,321.68
4650,323.01
4651,318.58
4652,325.15
4653,327.83
4654,330.39
4655,303.43
4656,315.28
4657,324.31
4658,348.84
4659,340.63
4660,344.24
4661,340.56
4662,350.47
4663,333.94
4664,342.24
4665,331.33
4666,323.23
4667,315.37
4668,319.64
4669,324.86
4670,314.51
4671,315.73
4672,320.05
4673,310.52
4674,313.1
4675,310.82
4676,307.66
4677,289.21
4678,300.83
4679,293.64
4680,300.43
4681,287.56
4682,275.21
4683,271.09
4684,285.59
4685,292.84
4686,295.17
4687,291.68
4688,305.07
4689,306.56
4690,319.23
4691,286.94
4692,291.5
4693,293.94
4694,307.17
4695,297.15
4696,284.73
4697,278
4698,267.79
4699,267.44
4700,264.53
4701,268.81
4702,270.6
4703,267.37
4704,272.88
4705,278.04
4706,292.33
4707,287.6
4708,277.54
4709,280
4710,280.33
4711,290.26
4712,260.41
4713,247.06
4714,236.4
4715,250.76
4716,260.12
4717,255.57
4718,241.55
4719,248.27
4720,262.68
4721,273.48
4722,258.4
4723,266.48
4724,275.33
4725,279.28
4726,277.34
4727,284.65
4728,268.79
4729,268.42
4730,259.05
4731,278.45
4732,279.11
4733,282.41
4734,287.72
4735,283.81
4736,297.23
4737,297.61
4738,313.57
4739,292.49
4740,302.93
4741,320.51
4742,317.69
4743,312.26
4744,301.02
4745,299.26
4746,284.38
4747,304.77
4748,295.46
4749,304.86
4750,306.08
4751,288.77
4752,282.43
4753,288.06
4754,296.36
4755,301.56
4756,317.32
4757,327.36
4758,332.77
4759,337.37
4760,326.66
4761,326.15
4762,321.54
4763,329.3
4764,318.81
4765,305.61
4766,296.83
4767,281.08
4768,276.23
4769,280.18
4770,284.89
4771,274.14
4772,291.21
4773,299.55
4774,305.01
4775,294.68
4776,285.99
4777,273.31
4778,273.94
4779,272.67
4780,273.44
4781,274.7
4782,262.79
4783,268.94
4784,261.49
4785,271.13
4786,275.22
4787,297.37
4788,298.91
4789,317.29
4790,325.66
4791,313.82
4792,288.66
4793,283.64
4794,283.95
4795,290.32
4796,281.66
4797,294.58
4798,265.9
4799,280.24
4800,282.51
4801,292.14
4802,272.86
4803,284.89
4804,301.12
4805,308.1
4806,304.68
4807,306.76
4808,304.9
4809,306.59
4810,298.48
4811,292.15
4812,285.37
4813,295.66
4814,286.26
4815,297.35
4816,275.28
4817,293.57
4818,300.79
4819,313.19
4820,287.63
4821,292.14
4822,288.66
4823,291.01
4824,267.73
4825,272.55
4826,262.83
4827,260.88
4828,249.3
4829,249.87
4830,227.16
4831,231.06
4832,228.02
4833,220.54
4834,211.38
4835,220.06
4836,211.04
4837,207.81
4838,208.48
4839,216.56
4840,208.74
4841,210.22
4842,195.84
4843,192.9
4844,164.42
4845,166.1
4846,154.76
4847,159.97
4848,144.26
4849,160.63
4850,137.25
4851,147.29
4852,151.91
4853,164.02
4854,146.07
4855,146.16
4856,138.36
4857,142.68
4858,118.09
4859,111.79
4860,113.17
4861,129.16
4862,100.38
4863,106.2
4864,85.614
4865,115.24
4866,99.795
4867,99.455
4868,99.468
4869,103.43
4870,114.08
4871,110.14
4872,90.342
4873,91.911
4874,94.123
4875,110.55
4876,83.267
4877,96.24
4878,92.167
4879,118.36
4880,99.897
4881,96.594
4882,89.985
4883,86.632
4884,85.474
4885,76.393
4886,77.573
4887,88.691
4888,77.379
4889,79.146
4890,42.778
4891,65.298
4892,56.223
4893,56.073
4894,40.275
4895,37.032
4896,17.538
4897,19.292
4898,25.366
4899,34.502
4900,35.355
4901,34.287
4902,33.962
4903,28.433
4904,8.8518
4905,25.784
4906,23.62
4907,41.06
4908,16.751
4909,23.12
4910,27.47
4911,33.549
4912,19.573
4913,20.544
4914,2.5081
4915,0.94329
4916,6.9916
4917,6.8917
4918,-17.174
4919,-6.9166
4920,-5.824
4921,-5.3665
4922,-20.015
4923,-9.867
4924,-2.9471
4925,-3.0659
4926,0.29689
4927,-14.365
4928,-10.852
4929,-6.9573
4930,-15.596
4931,-18.174
4932,-28.193
4933,-20.9
4934,-40.946
4935,-24.327
4936,-20.527
4937,-7.735
4938,-25.189
4939,-29.567
4940,-24.862
4941,-35.575
4942,-44.993
4943,-47.689
4944,-47.745
4945,-49.416
4946,-63.355
4947,-58.218
4948,-79.079
4949,-53.654
4950,-50.859
4951,-44.01
4952,-63.83
4953,-68.499
4954,-75.553
4955,-63.788
4956,-54.318
4957,-72.862
4958,-83.55
4959,-76.8
4960,-74.389
